1 1 1 1 1 1 1 1 1 1 1 1 1 1 1 1 1 1 1 1 1 1 1 1 1 1 1 1 1 1 1 1 1 1 1 1 1 1 1 1 1 1 1 1 1 1 1 1 1 1 1 1 1 1 1 1 1 1 1 1 1 1 1 1 1 1 1 1 1 1 1 1 1 1 1 1 1 1 1 1 1 1 1 1 1 1 1 1 1 1 1 1 1 1 1 1 1 1 1 1
1 1 1 1 1 1 1 1 1 1 1 1 1 1 1 1 1 1 1 1 1 1 1 1 1 1 1 1 1 1 1 1 1 1 1 1 1 1 1 1 1 1 1 1 1 1 1 1 1 1 1 1 1 1 1 1 1 1 1 1 1 1 1 1 1 1 1 1 1 1 1 1 1 1 1 1 1 1 1 1 1 1 1 1 1 1 1 1 1 1 1 1 1 1 1 1 1 1 1 1
1 1 1 1 1 1 1 1 1 1 1 1 1 1 1 1 1 1 1 1 1 1 1 1 1 1 1 1 1 1 1 1 1 1 1 1 1 1 1 1 1 1 1 1 1 1 1 1 1 1 1 1 1 1 1 1 1 1 1 1 1 1 1 1 1 1 1 1 1 1 1 1 1 1 1 1 1 1 1 1 1 1 1 1 1 1 1 1 1 1 1 1 1 1 1 1 1 1 1 1
1 1 1 1 1 1 1 1 1 1 1 1 1 1 1 1 1 1 1 1 1 1 1 1 1 1 1 1 1 1 1 1 1 1 1 1 1 1 1 1 1 1 1 1 1 1 1 1 1 1 1 1 1 1 1 1 1 1 1 1 1 1 1 1 1 1 1 1 1 1 1 1 1 1 1 1 1 1 1 1 1 1 1 1 1 1 1 1 1 1 1 1 1 1 1 1 1 1 1 1
1 1 1 1 1 1 1 1 1 1 1 1 1 1 1 1 1 1 1 1 1 1 1 1 1 1 1 1 1 1 1 1 1 1 1 1 1 1 1 1 1 1 1 1 1 1 1 1 1 1 1 1 1 1 1 1 1 1 1 1 1 1 1 1 1 1 1 1 1 1 1 1 1 1 1 1 1 1 1 1 1 1 1 1 1 1 1 1 1 1 1 1 1 1 1 1 1 1 1 1
1 1 1 1 1 1 1 1 1 1 1 1 1 1 1 1 1 1 1 1 1 1 1 1 1 1 1 1 1 1 1 1 1 1 1 1 1 1 1 1 1 1 1 1 1 1 1 0.702379 0.699423 0.608734 0.599978 0.774387 0.785119 0.829961 1 1 1 0.857091 1 1 1 1 1 1 1 1 1 1 1 1 1 1 1 1 1 1 1 1 1 1 1 1 1 1 1 1 1 1 1 1 1 1 1 1 1 1 1 1 1 1
1 1 1 1 1 1 1 1 1 1 1 1 1 1 1 1 1 1 1 1 1 1 1 1 1 1 1 1 1 1 1 1 1 1 1 1 1 1 1 0.973671 0.947009 1 1 1 1 0.904624 0.814578 0.813906 0.795655 0.710511 0.718767 0.684206 0.739076 0.823147 0.719 0.861988 0.9615 0.983689 0.879094 0.894121 0.734215 1 1 1 1 1 1 1 1 1 1 1 1 1 1 1 1 1 1 1 1 1 1 1 1 1 1 1 1 1 1 1 1 1 1 1 1 1 1 1
1 1 1 1 1 1 1 1 1 1 1 1 1 1 1 1 1 1 1 1 1 1 1 1 1 1 1 1 1 1 1 1 1 1 1 1 1 0.841209 0.849934 0.745633 0.915275 0.954652 0.968037 1 0.862215 0.848351 0.947586 0.858553 0.844284 0.776711 0.696627 0.744729 0.820115 0.951133 0.814704 0.750543 0.74049 0.843034 0.741184 0.815062 0.669068 0.658722 0.635753 1 1 1 1 1 1 1 1 1 1 1 1 1 1 1 1 1 1 1 1 1 1 1 1 1 1 1 1 1 1 1 1 1 1 1 1 1
1 1 1 1 1 1 1 1 1 1 1 1 1 1 1 1 1 1 1 1 1 1 1 1 1 1 1 1 1 1 1 1 1 0.945455 0.83056 0.814807 0.865542 0.860273 0.898918 1 1 1 0.998432 0.806243 0.774096 0.939798 0.947636 0.89925 0.89756 0.835796 0.775535 0.814363 0.853944 0.923145 0.964041 0.804558 0.682897 0.778065 0.755411 0.847856 0.859799 0.735607 0.676558 0.570689 0.607344 0.675611 0.666882 1 1 1 1 1 1 1 1 1 1 1 1 1 1 1 1 1 1 1 1 1 1 1 1 1 1 1 1 1 1 1 1 1
1 1 1 1 1 1 1 1 1 1 1 1 1 1 1 1 1 1 1 1 1 1 1 1 1 1 1 1 1 1 1 1 1 0.925468 1 0.955968 1 1 1 1 1 1 0.972459 0.820666 0.792292 0.897381 0.946306 0.903134 0.947549 0.830608 0.9153 0.905524 0.848544 0.907417 0.89519 0.73777 0.794684 0.807956 0.748195 0.846497 0.796475 0.818338 0.807546 0.817306 0.772859 0.752755 0.726247 0.73541 0.786932 1 1 1 1 1 1 1 1 1 1 1 1 1 1 1 1 1 1 1 1 1 1 1 1 1 1 1 1 1 1 1
1 1 1 1 1 1 1 1 1 1 1 1 1 1 1 1 1 1 1 1 1 1 1 1 1 1 1 1 1 1 1 1 0.934029 1 1 1 1 1 1 1 1 1 0.888464 0.835303 0.775588 0.869345 1 0.984531 1 1 0.939137 0.932913 0.937305 0.93444 0.850774 0.799366 0.774754 0.77184 0.790198 0.942546 0.953003 0.90408 0.89214 0.753629 0.850384 0.764724 0.77065 0.78502 0.826142 0.901197 0.935596 1 1 1 1 1 1 1 1 1 1 1 1 1 1 1 1 1 1 1 1 1 1 1 1 1 1 1 1 1
1 1 1 1 1 1 1 1 1 1 1 1 1 1 1 1 1 1 1 1 1 1 1 1 1 1 1 1 1 1 1 1 1 1 1 1 1 1 1 1 1 0.896418 0.839418 0.715555 0.800801 0.861725 1 1 1 1 0.967887 0.948361 0.914087 0.905212 0.758546 0.866299 0.694955 0.804444 0.854929 0.960342 0.93985 0.933498 0.865007 0.85975 0.782667 0.811566 0.778856 0.852335 0.937498 0.941852 1 1 1 1 1 1 1 1 1 1 1 1 1 1 1 1 1 1 1 1 1 1 1 1 1 1 1 1 1 1
1 1 1 1 1 1 1 1 1 1 1 1 1 1 1 1 1 1 1 1 1 1 1 1 1 1 1 1 1 1 1 1 1 1 1 1 1 1 1 1 0.927434 0.846582 0.807596 0.741532 0.752405 0.928795 1 1 1 1 0.980444 0.974352 1 0.965824 0.803657 0.792593 0.736358 0.751313 0.853025 0.814143 0.895075 0.77589 0.833719 0.826861 0.864686 0.898684 0.908904 0.911598 0.912938 0.947569 1 1 0.951465 1 1 1 1 1 1 1 1 1 1 1 1 1 1 1 1 1 1 1 1 1 1 1 1 1 1 1
1 1 1 1 1 1 1 1 1 1 1 1 1 1 1 1 1 1 1 1 1 1 1 1 0.902855 1 1 1 1 1 1 1 1 1 1 1 1 1 1 0.940773 1 0.898101 0.848064 0.831352 0.852524 0.96239 0.967164 1 0.984788 1 1 0.968069 1 0.8744 0.879989 0.796363 0.713709 0.727613 0.857654 0.73442 0.775182 0.794442 0.802369 0.795906 0.786733 0.860836 0.916447 0.939506 0.904519 0.874661 0.874549 0.947259 0.967422 0.815322 0.928472 0.789238 1 1 1 1 1 1 1 1 1 1 1 1 1 1 1 1 1 1 1 1 1 1 1 1
1 1 1 1 1 1 1 1 1 1 1 1 1 1 1 1 1 1 1 1 1 1 1 0.856707 0.976367 1 1 1 1 1 1 1 1 1 1 1 1 1 0.991505 0.948616 0.949982 0.888402 0.951874 0.936581 1 1 0.948905 1 1 1 1 0.966289 0.937227 0.934048 0.912292 0.813684 0.805764 0.83525 0.830388 0.821356 0.779203 0.812608 0.842171 0.777245 0.837801 0.749197 0.808762 0.750533 0.785126 0.769433 0.79426 0.910037 0.919286 0.900547 0.844791 0.759244 0.687476 1 1 1 1 1 1 1 1 1 1 1 1 1 1 1 1 1 1 1 1 1 1 1
1 1 1 1 1 1 1 1 1 1 1 1 1 1 1 1 1 1 1 1 1 0.845473 0.837674 0.910136 1 1 1 1 1 1 1 1 1 1 1 1 1 0.968244 0.913259 0.948511 0.989227 0.98362 0.991668 1 0.988154 1 0.976836 1 0.994935 1 0.973731 1 1 0.935157 0.945031 0.89053 0.85178 0.866825 0.782418 0.783505 0.814521 0.762498 0.76912 0.730343 0.788797 0.819715 0.772044 0.686975 0.632829 0.629381 0.653834 0.747075 0.929059 0.878499 0.811303 0.672051 0.524185 0.499536 0.61535 1 1 1 1 1 1 1 1 1 1 1 1 1 1 1 1 1 1 1 1 1
1 1 1 1 1 1 1 1 1 1 1 1 1 1 1 1 1 1 1 1 1 0.96886 1 1 1 1 1 1 1 1 1 1 1 1 1 1 1 0.943108 0.920919 1 1 1 1 1 1 1 1 0.990627 1 1 0.980822 1 0.902833 0.956448 0.975626 0.929156 0.919993 0.869219 0.822362 0.849384 0.790799 0.769167 0.711759 0.719196 0.776432 0.704562 0.750554 0.719571 0.640776 0.58382 0.640822 0.771442 0.918347 0.864003 0.83857 0.885723 0.561168 0.662526 0.495548 0.485806 1 1 1 1 1 1 1 1 1 1 1 1 1 1 1 1 1 1 1 1
1 1 1 1 1 1 1 1 1 1 1 1 1 1 1 1 1 1 0.54322 1 1 1 1 1 1 1 1 1 1 1 1 1 1 0.949603 1 1 0.909038 0.903153 1 1 0.98 1 0.989865 0.986603 1 1 1 1 0.992649 0.916958 1 0.935763 0.968591 0.986021 0.977265 0.963606 0.910009 0.944805 0.879962 0.923735 0.76331 0.743566 0.71233 0.751445 0.753399 0.745539 0.687892 0.700604 0.627199 0.614806 0.684912 0.782911 0.848699 1 0.806298 0.766714 0.566355 0.628034 0.551417 0.473123 0.498739 0.101194 1 1 1 1 1 1 1 1 1 1 1 1 1 1 1 1 1 1
1 1 1 1 1 1 1 1 1 1 1 1 1 1 1 1 1 1 1 0.993158 1 1 1 1 1 1 1 1 1 1 1 1 1 1 1 1 0.99472 0.938667 0.958637 1 0.982699 0.990226 0.919481 0.994565 0.970894 1 1 0.949785 1 0.98864 0.967765 0.934998 0.934107 0.899945 0.952889 0.911465 0.877894 0.843225 0.907814 0.873393 0.838668 0.779581 0.80136 0.730647 0.759007 0.791826 0.72033 0.727681 0.606298 0.68929 0.720377 0.755564 0.870903 0.869982 0.880766 0.878025 0.652227 0.623201 0.606601 0.523064 0.464976 0.456738 1 1 1 1 1 1 1 1 1 1 1 1 1 1 1 1 1 1
1 1 1 1 1 1 1 1 1 1 1 1 1 1 1 1 1 1 1 1 1 1 1 1 1 1 1 1 1 1 1 1 1 1 1 1 1 1 1 1 1 1 1 1 0.960326 0.971219 0.998742 0.961704 0.984833 0.950734 0.933064 0.96969 0.954194 0.942532 0.943267 0.905899 0.910283 0.895637 0.957507 0.950593 0.916279 0.882602 0.852567 0.862741 0.842154 0.834394 0.768071 0.77009 0.750352 0.755017 0.84342 0.846852 0.811512 0.867439 0.829315 0.831887 0.748234 0.657027 0.65552 0.640447 0.637236 0.551186 0.598833 1 1 1 1 1 1 1 1 1 1 1 1 1 1 1 1 1
1 1 1 1 1 1 1 1 1 1 1 1 1 1 1 1 1 1 1 1 1 1 1 1 1 1 1 1 1 1 1 1 1 1 1 1 1 1 1 1 1 0.99151 0.98319 1 0.994848 1 0.916257 0.94097 0.89997 0.944824 0.941527 0.945402 0.904757 0.937549 0.961052 0.964303 0.985941 0.871671 0.808343 0.939407 0.92333 0.890085 0.979567 0.888214 0.843385 0.904954 0.834381 0.788366 0.825342 0.882019 0.853037 0.8954 0.89941 0.744802 0.817545 0.830434 0.796122 0.694719 0.729708 0.742161 0.721438 0.658521 0.555309 0.545653 0.565902 1 1 1 1 1 1 1 1 1 1 1 1 1 1 1
1 1 1 1 1 1 1 1 1 1 1 1 1 1 1 1 1 1 1 1 1 1 1 1 1 1 1 1 1 1 1 1 1 1 1 1 1 1 1 1 0.975753 1 1 1 0.990442 0.946723 1 0.954926 0.915361 0.879342 0.931194 0.909272 0.929611 0.908623 0.921589 0.935137 0.832251 0.911087 0.810873 0.913245 0.875931 0.906098 0.938318 0.93551 0.902516 0.858334 0.801346 0.753868 0.828283 0.845602 0.850562 0.865808 0.829415 0.788243 0.785051 0.765408 0.757964 0.795936 0.786997 0.780021 0.736944 0.538684 0.552404 0.633424 0.363791 1 1 1 1 1 1 1 1 1 1 1 1 1 1 1
1 1 1 1 1 1 1 1 1 1 1 1 1 1 1 1 1 1 1 1 1 1 1 1 1 1 1 1 1 1 1 1 1 1 1 1 1 1 1 1 1 0.982717 1 0.976474 0.895598 0.912807 0.886893 0.945492 0.984643 0.816879 0.847677 0.877943 0.879379 0.914532 0.880884 0.813536 0.966498 0.873747 0.877028 0.79006 0.901989 0.914884 0.977933 0.94744 0.917852 0.841721 0.848627 0.878808 0.875827 0.886266 0.847929 0.797297 0.763077 0.710689 0.815426 0.771128 0.767486 0.844827 0.823798 0.775632 0.654357 0.57837 0.571555 0.586185 0.234919 0.225777 1 1 1 1 1 1 1 1 1 1 1 1 1 1
1 1 1 1 1 1 1 1 1 1 1 1 1 1 1 1 0.999012 1 1 1 1 1 1 1 1 1 1 1 1 1 1 1 1 1 1 1 1 1 1 1 0.962506 0.984336 1 0.963812 0.949082 0.896614 0.8951 0.892742 0.949093 0.853462 0.881793 0.862186 0.925663 0.887428 0.877793 0.864254 0.92953 0.867906 0.916553 0.889359 0.904151 0.969268 0.958964 0.944175 0.880321 0.909694 0.898074 0.886678 0.980971 0.94164 0.861075 0.797311 0.744605 0.720276 0.732433 0.77239 0.668397 0.781772 0.736039 0.688955 0.674224 0.613398 0.436521 0.523739 0.394115 0.414197 1 1 1 1 1 1 1 1 1 1 1 1 1 1
1 1 1 1 1 1 1 1 1 1 1 1 1 1 1 1 1 1 1 1 1 1 1 1 1 1 1 1 1 1 1 1 1 1 1 1 1 1 1 1 1 1 0.935692 0.977428 0.995706 0.971842 0.934825 0.891933 0.907264 0.895543 0.865174 0.870485 0.897295 0.911662 0.931699 0.873982 0.902105 0.856866 0.881143 0.942077 0.938133 0.967069 0.966232 0.992294 0.928509 0.923626 0.922927 0.920074 0.920285 0.927454 0.973582 0.889963 0.866205 0.850775 0.807123 0.784342 0.802362 0.824522 0.726784 0.674263 0.607359 0.650305 0.740947 0.625063 0.463981 0.601736 0.746634 1 1 1 1 1 1 1 1 1 1 1 1 1
1 1 1 1 1 1 1 1 1 1 1 1 1 0.926778 1 1 1 1 1 1 1 1 1 1 1 1 1 1 1 1 1 1 1 1 1 1 1 1 1 1 1 1 0.962169 0.915476 0.975247 0.949931 0.990123 0.966582 0.95361 0.93686 0.953326 0.997428 0.947746 0.976281 0.887515 0.89474 0.93863 0.910011 0.966756 0.960209 0.923059 0.937008 0.929946 0.970725 0.91334 0.903826 0.921029 0.942508 0.935361 0.981346 0.945618 0.873131 0.883263 0.784698 0.76508 0.811518 0.806677 0.678199 0.65911 0.682493 0.594867 0.748001 0.799981 0.82543 0.806475 0.724518 0.536034 1 1 1 1 1 1 1 1 1 1 1 1 1
1 1 1 1 1 1 1 1 1 1 1 1 1 0.790301 1 1 1 1 1 1 1 1 1 1 1 1 1 1 1 1 1 1 1 1 1 1 1 1 1 1 1 1 1 0.998978 0.997153 0.97386 0.928876 0.994277 1 0.921458 0.966632 0.888449 0.964688 1 0.956927 0.892268 0.83209 0.976314 0.931417 0.950962 0.975187 0.907879 1 0.931201 0.934263 0.949084 0.945128 0.931597 0.946583 0.898654 0.919752 0.854169 0.883526 0.828591 0.832797 0.828547 0.852363 0.775919 0.740152 0.641621 0.783581 0.803647 0.96319 0.759785 1 0.992476 0.710031 0.526684 1 1 1 1 1 1 1 1 1 1 1 1
1 1 1 1 1 1 1 1 1 1 1 0.911456 0.840113 0.948621 0.855259 1 1 1 1 1 1 1 1 1 1 1 1 1 1 1 1 1 1 1 1 1 1 1 1 1 1 1 1 0.999565 1 1 1 1 1 0.996699 0.977746 1 0.909282 0.937403 0.915507 0.956896 0.933718 0.931472 0.913444 0.940417 1 0.931444 0.979637 0.873704 0.88575 0.912595 0.908571 0.918685 0.916835 0.893056 0.930038 0.831119 0.825785 0.795918 0.820889 0.859936 0.869306 0.754004 0.824244 0.747849 0.822281 0.568802 0.242043 1 1 1 0.967952 0.457556 0.781326 1 1 1 1 1 1 1 1 1 1 1
1 1 1 1 1 1 1 1 1 1 1 1 0.99657 0.969165 0.884666 1 1 1 1 1 1 1 1 1 1 1 1 1 1 1 1 1 1 1 1 1 1 1 1 1 1 1 0.935592 1 1 1 0.974971 1 0.894224 1 0.981475 0.966491 1 0.975722 0.891958 0.962548 0.946182 0.928154 0.974325 0.909119 0.867834 0.954274 0.910329 0.934335 0.971901 0.897978 0.887192 0.969604 0.883992 0.785691 0.90857 0.863754 0.85418 0.780352 0.752634 0.846732 0.864653 0.844543 0.850797 0.839188 0.926376 0.00447064 0.00870071 1 1 1 0.744149 0.430674 0.174571 0.468832 1 1 1 1 1 1 1 1 1 1
1 1 1 1 1 1 1 1 1 1 1 1 1 1 0.942913 0.88861 0.615438 0.843819 1 1 1 1 1 1 1 1 1 1 1 1 1 1 1 1 1 1 1 1 1 1 1 1 1 0.947549 0.963451 0.97569 0.960912 0.986064 0.985059 0.942476 0.962655 0.915579 0.923444 0.91627 0.891 0.879952 0.876613 0.969303 0.911708 0.896638 0.923565 0.998518 0.857248 0.930053 0.990495 0.972377 0.910486 0.860305 0.923126 0.870062 0.89414 0.87603 0.89876 0.861159 0.884778 0.884225 0.898902 0.86734 0.812143 0.859909 0.127609 0.00250909 0.0173465 0.810969 0.987654 0.876649 0.588019 0.387336 0.205427 0.106754 1 1 1 1 1 1 1 1 1 1
1 1 1 1 1 1 1 1 1 1 1 1 1 1 0.96239 0.900564 0.797963 0.815615 1 1 1 1 1 1 1 1 1 1 1 1 1 1 1 1 1 1 1 1 1 1 0.996135 1 1 0.969469 0.99672 0.973483 0.959594 1 1 1 0.91458 1 0.944181 0.976451 0.99138 0.916528 0.899258 0.943766 0.985429 0.989824 0.986364 0.996149 0.973941 1 0.900709 0.995084 0.940169 0.954542 0.874503 0.899821 0.889126 0.867182 0.831836 0.905614 0.880359 0.891387 0.92293 0.875102 0.862741 0.857509 0.803769 0.271114 0.247585 0.427468 0.164309 0.0424562 0.0310175 0.0319897 0.07007 0.0737035 0.0901511 1 1 1 1 1 1 1 1 1
1 1 1 1 1 1 1 1 1 1 1 1 1 1 0.933167 0.970975 0.932626 1 1 1 1 1 1 1 1 1 1 1 1 1 1 1 1 1 1 1 0.998194 1 1 1 1 1 0.942186 1 1 0.9894 0.98339 1 0.966628 0.958013 1 1 0.980146 0.939558 0.940744 0.947759 0.906659 0.876164 0.853407 0.960052 0.918295 0.961691 0.902604 0.907863 0.950631 0.881016 0.854437 0.894914 0.873582 0.879387 0.876275 0.842033 0.810739 0.819409 0.877753 0.917476 0.960115 0.85184 0.873843 0.873357 0.68902 0.687126 0.129466 0.0104635 0.0187264 0.0309025 0.0313652 0.0353258 0.041495 0.207117 0.10258 1 1 1 1 1 1 1 1 1
1 1 1 1 1 1 1 1 1 1 1 1 1 1 1 1 1 0.866401 1 1 1 1 1 1 1 1 1 1 0.982449 1 0.997291 1 1 1 1 1 0.983017 0.988673 0.991537 1 1 0.977812 1 0.982019 0.954097 1 1 0.995108 0.996032 1 0.990434 0.971603 0.98884 0.93329 0.865849 0.878941 0.884451 0.972188 0.933661 0.950261 0.935449 0.924947 0.88689 0.87638 0.901333 0.896542 0.875267 0.932598 0.856173 0.821505 0.809315 0.823796 0.773243 0.879716 0.885729 0.926555 0.925402 0.830514 0.902106 0.843272 0.803462 0.451135 0.0634652 0.00232864 0.00589057 0.00711318 0.0249605 0.0738507 0.098273 0.258303 0.144228 0.340291 1 1 1 1 1 1 1 1
1 1 1 1 1 1 1 1 1 1 1 1 1 1 1 1 1 0.854676 1 1 1 1 1 1 1 1 1 1 1 1 1 1 0.953066 1 1 1 0.98266 1 0.946438 1 1 1 1 1 0.996796 0.980469 0.998532 0.915893 0.958431 0.968501 0.916047 0.968915 0.966955 0.944887 0.969776 0.879347 0.898616 0.908178 0.905484 0.890404 0.900296 0.937798 0.853083 0.926489 0.906804 0.938258 0.908913 0.811541 0.871447 0.88313 0.862012 0.731524 0.879502 0.867073 0.845556 0.869798 0.872111 0.851392 0.833385 0.823019 0.63208 0.312366 0.114737 1.42841e-06 1.81053e-24 0.00306817 0.0608351 0.0710164 0.196608 0.181724 0.240376 0.165466 1 1 1 1 1 1 1 1
1 1 1 1 1 1 1 1 1 1 1 1 1 1 1 1 1 1 1 1 1 1 1 1 1 1 1 1 1 1 1 1 1 1 1 1 1 1 1 1 1 1 1 1 1 0.954681 0.99894 0.939969 0.92284 0.938462 0.901233 1 0.945708 0.949005 0.907825 0.864929 0.904331 0.913872 0.923939 0.941144 1 0.919009 0.906597 0.950938 0.911525 0.917349 0.966658 0.812451 0.897894 0.897236 0.890071 0.838232 0.816034 0.852439 0.897596 0.883232 0.805459 0.862555 0.815072 0.801475 0.720729 0.251427 0.0880127 0.0721996 0.0339044 0.0870999 0.0654479 0.14056 0.155494 0.203741 0.312454 0.304109 1 1 1 1 1 1 1 1
1 1 1 1 1 1 1 1 1 1 1 1 1 1 0.991313 1 1 1 1 1 1 1 1 1 1 1 1 1 1 1 1 0.995421 1 1 1 1 1 1 1 1 1 0.993628 1 0.964269 1 1 0.996572 0.98976 1 0.944208 0.920257 0.968089 0.92229 0.922065 0.953752 0.978982 0.967588 0.914133 0.908806 0.908643 0.920624 0.938665 1 0.995495 0.963673 0.921023 0.885828 0.864814 0.886024 0.950012 0.903674 0.821212 0.776076 0.836753 0.873068 0.919926 0.839152 0.846282 0.951296 0.830315 0.690138 0.390872 0.0769945 0.0823365 0.131003 0.0879299 0.0885392 0.210381 0.0902991 0.272329 0.55904 0.69629 0.76987 1 1 1 1 1 1 1
1 1 1 1 1 1 1 1 1 1 1 1 1 1 0.988342 1 1 1 1 1 1 1 1 1 1 1 1 0.997574 0.922557 1 1 0.983327 1 1 1 1 1 1 1 1 1 0.996544 0.958599 1 0.982495 1 0.95714 0.967899 0.953569 0.931217 0.880497 0.956314 0.948948 0.918882 0.98999 0.933758 0.943299 0.97973 0.994857 0.985616 1 0.963445 0.937458 0.969055 0.943081 0.944715 0.934995 0.873499 0.940129 0.95872 0.887199 0.890075 0.851622 0.859244 0.831712 0.876876 0.772414 0.86684 0.947676 0.787958 0.797592 0.607185 0.16147 0.139271 0.226926 0.331802 0.166088 0.238411 0.314308 0.29091 0.630884 0.86408 0.784655 1 1 1 1 1 1 1
1 1 1 1 1 1 1 1 1 1 1 1 1 1 1 1 1 1 1 1 1 1 1 1 1 1 1 1 1 1 1 1 1 1 1 1 1 1 1 1 0.995916 1 1 1 1 1 0.969815 1 0.960235 0.986055 0.92432 0.927487 0.909021 0.937026 0.92194 0.882777 0.966805 0.973081 1 0.902558 0.948989 0.945299 0.986678 1 0.877064 0.927346 0.967753 0.913754 0.894083 0.865544 0.881357 0.907012 0.825436 0.822047 0.880572 0.862128 0.851251 0.870903 0.880333 0.906827 0.867655 0.746458 0.39327 0.449226 0.406354 0.418373 0.346559 0.339717 0.306419 0.557315 0.617802 0.487702 0.199176 1 1 1 1 1 1 1
1 1 1 1 1 1 1 1 1 1 1 1 1 1 1 1 1 1 1 1 1 1 1 1 1 1 1 0.98404 0.967728 0.958267 1 1 1 1 1 1 1 1 1 0.969388 1 0.996654 1 0.990291 1 1 0.999539 0.964949 0.981134 0.960769 0.896679 0.938897 0.954383 1 0.982229 0.916938 0.946429 0.947752 0.978617 0.879144 0.958824 0.98774 0.950295 0.97462 0.978004 1 0.894012 0.922027 0.832934 0.918396 0.888449 0.834089 0.856126 0.85338 0.896819 0.891479 0.840036 0.87593 0.88386 0.876686 0.888428 0.878402 0.71234 0.69045 0.511902 0.553251 0.369895 0.552231 0.645696 0.477867 0.399235 0.396757 0.110625 1 1 1 1 1 1 1
1 1 1 1 1 1 1 1 1 1 1 1 1 1 1 1 1 1 1 1 1 1 1 1 1 1 1 0.952502 1 1 1 1 1 1 1 1 1 1 1 1 1 1 1 1 1 0.975903 0.946252 0.985674 0.937657 0.871321 0.957497 1 0.983396 0.958651 0.976555 0.936791 0.997706 0.95032 0.955646 0.882621 0.923169 0.984842 0.951542 0.996353 0.959676 0.942962 0.965155 0.9626 0.919186 0.88946 0.851445 0.86243 0.832548 0.939473 0.939888 0.967485 0.928215 0.856156 0.826902 0.957168 0.931259 0.924494 0.808859 0.688146 0.636149 0.707966 0.584499 0.625903 0.695739 0.427839 0.278966 0.198843 0.0722491 0.0761347 1 1 1 1 1 1
1 1 1 1 1 1 1 1 1 1 1 0.996022 1 1 1 1 1 1 1 1 1 1 1 1 1 0.999635 1 1 1 1 1 0.96316 1 1 1 1 1 1 1 1 1 0.998823 1 1 1 0.9395 1 1 0.951383 0.977355 1 1 0.995413 1 0.957589 0.983636 1 0.962306 0.940805 0.9635 0.956197 0.959891 1 0.948646 1 1 0.882655 0.988261 0.958712 0.871294 0.921649 0.866837 0.991437 0.925921 0.862629 1 0.84945 0.87542 0.900297 0.97025 0.969726 0.949101 0.69294 0.72412 0.639542 0.594531 0.627531 0.647292 0.660815 0.236148 0.173534 0.091127 0.108177 0.0996692 1 1 1 1 1 1
1 1 1 1 1 1 1 1 1 0.966568 0.757422 0.828655 0.607768 0.996643 1 1 1 1 1 1 1 1 1 1 1 1 1 0.977065 1 1 0.980644 1 1 1 1 1 1 1 1 1 1 0.996024 1 1 1 1 0.996722 0.961346 0.955779 0.96117 1 1 1 0.969783 0.962042 1 0.919822 0.964545 0.905934 1 0.977327 0.97199 0.994316 0.999638 0.948914 0.958288 0.949673 0.859384 0.926113 0.888687 0.942035 0.882583 0.948007 0.891628 0.906867 0.920015 0.898569 0.914587 0.985309 1 0.987314 0.795306 0.544335 0.382226 0.500358 0.53714 0.576276 0.558828 0.526986 0.282481 0.0778068 0.105604 0.094437 0.113847 1 1 1 1 1 1
1 1 1 1 1 0.347111 0.865837 1 0.975265 0.817944 0.570586 0.424497 0.49957 0.930932 0.975064 0.890223 0.952254 1 1 1 1 1 1 1 1 1 1 1 1 1 1 1 1 1 1 1 1 0.984373 1 0.974115 1 0.985097 1 0.996139 1 1 1 1 1 0.996658 1 0.950867 0.953976 0.986236 1 1 0.995725 1 0.913973 0.921052 1 1 0.984603 1 0.920571 0.986137 0.933369 1 0.983715 0.998544 0.913278 0.902589 0.950478 0.91373 0.945997 0.886775 0.905803 0.927116 0.983149 1 0.902627 0.784586 0.397413 0.355673 0.383096 0.419788 0.52166 0.340216 0.455309 0.271774 0.123433 0.0804849 0.0704995 0.0900319 0.0188746 1 1 1 1 1
1 1 1 1 1 1 0.932673 0.870966 0.733202 0.613127 0.502827 0.450267 0.669781 0.92868 1 0.987682 0.980342 1 1 1 1 1 1 1 1 0.991233 1 1 1 0.980649 1 1 1 1 1 1 1 0.997397 0.994594 0.984861 1 1 1 1 0.951703 0.971878 1 1 0.932256 1 0.96461 0.974209 1 0.959173 1 0.964962 1 1 0.960414 1 1 0.929101 0.93659 0.984087 0.916318 0.993214 0.968018 0.909952 0.940865 0.945778 1 0.948353 0.922977 0.929842 0.917391 0.937222 0.863591 0.937225 1 0.954274 0.918381 0.566125 0.305799 0.319023 0.332522 0.462248 0.357978 0.268708 0.0985534 0.110001 0.111406 0.1183 0.102184 0.210684 0.00611193 1 1 1 1 1
1 1 1 1 1 0.758557 0.927145 0.71567 0.632363 0.5516 0.617784 0.668404 0.851972 1 1 1 1 1 1 1 1 1 1 1 1 1 1 1 0.970595 0.999991 1 1 0.994806 0.979601 1 1 1 1 1 1 1 1 1 0.974129 0.999261 1 0.967607 1 0.965454 0.973352 1 1 1 0.982732 1 0.953394 1 1 0.978212 0.944039 1 1 0.928214 0.95997 0.979215 0.970713 0.94927 0.908882 0.956007 0.974462 0.960567 0.96843 0.929482 0.947986 1 0.953398 0.95971 1 1 0.996509 0.814741 0.523037 0.253535 0.25785 0.384166 0.390145 0.371683 0.163377 0.0406277 0.0301487 0.0654737 0.249415 0.658894 0.476345 0.7944 1 1 1 1 1
1 1 1 1 1 0.961404 0.790765 0.705596 0.837136 0.867741 0.868246 0.97011 1 1 1 1 1 1 1 1 1 1 1 1 1 1 1 0.992102 1 1 1 1 0.949028 1 0.993364 1 1 1 1 1 1 1 1 1 0.98437 1 0.997102 0.963814 1 0.992076 0.989428 1 1 0.983891 1 1 1 0.985888 0.999372 1 0.995445 1 0.965524 1 0.988449 0.943647 0.977856 0.997014 0.992741 0.962792 0.929652 0.884738 0.942958 1 0.990439 1 1 1 1 0.951265 0.852289 0.665073 0.366863 0.387013 0.371207 0.320529 0.434446 0.265894 0.171344 0.0857657 0.0808766 0.284319 0.688931 0.84374 1 1 1 1 1 1
1 1 1 1 1 1 1 0.783217 0.942467 0.996339 1 1 1 1 1 1 1 1 1 1 1 1 1 1 1 1 1 1 0.989606 0.994147 1 0.976114 0.983481 0.996551 1 1 1 0.996428 0.963376 1 1 1 0.986313 0.983918 1 1 1 1 1 1 0.933205 1 1 1 0.977852 1 0.953107 0.988891 0.998475 0.99315 0.956645 1 0.967234 0.990233 0.90615 1 0.960382 0.999183 0.923136 1 0.96959 1 0.954674 1 1 1 1 1 1 1 0.961946 0.705013 0.499848 0.535272 0.377137 0.0950721 0.544641 0.592151 0.392628 0.230214 0.194129 0.249967 0.530915 0.813506 0.930928 1 1 1 1 1
1 1 1 1 1 1 0.97749 0.824703 1 1 1 1 1 1 1 1 1 1 1 1 1 1 1 1 1 1 1 1 1 1 0.987585 0.991665 0.97845 1 1 1 1 1 0.992011 1 1 1 1 0.98305 1 1 1 1 1 0.933044 1 0.959832 1 1 1 0.964571 1 1 0.994351 0.992258 0.983671 0.929396 1 1 0.977755 1 1 0.956988 1 1 1 1 1 1 1 1 1 1 1 1 1 0.983564 0.701287 0.687205 0.385022 0.411044 0.699478 0.745287 0.827449 0.553281 0.348473 0.393719 0.352709 0.715825 1 1 1 1 1 1
1 1 1 1 1 1 1 1 1 1 1 1 1 1 1 1 1 1 1 1 1 1 1 1 1 1 1 0.996362 0.977691 0.986863 1 1 1 1 0.990162 1 1 0.994695 1 1 1 1 0.994172 0.946474 0.953979 1 1 0.992504 1 1 0.983321 1 1 1 1 1 1 0.994797 1 1 1 1 0.953551 1 0.914946 0.994368 0.946646 0.955029 1 0.928859 0.936029 1 1 1 1 1 1 1 1 1 1 1 0.882459 0.97759 0.592025 0.693659 0.729654 0.952121 0.956349 0.88552 0.718175 0.46425 0.406266 0.434835 0.985948 1 1 1 1 1
1 1 1 1 1 1 0.988198 1 1 1 1 1 1 1 1 1 1 1 1 1 1 1 1 1 1 1 1 1 1 1 0.984185 1 1 0.965125 1 1 1 1 0.990173 0.972004 1 1 1 0.991123 0.972184 1 1 1 0.96539 0.937525 0.990075 0.997613 1 1 0.995896 1 1 0.994937 1 1 1 0.978135 0.98372 1 1 0.989313 0.907822 0.924098 0.975069 1 1 1 1 1 1 1 1 1 1 1 0.539974 0.856522 1 1 0.782825 0.715908 0.878449 0.968246 0.785163 0.372118 0.640151 0.345335 0.37059 0.511644 1 1 1 1 1 1
1 1 1 1 1 0.899294 0.839708 1 1 1 1 1 1 1 1 1 1 1 1 1 1 1 1 1 1 1 1 1 1 1 1 1 0.941857 0.991354 1 1 1 1 1 0.977482 0.980513 1 0.96136 0.990898 1 1 0.955225 1 1 1 0.995509 0.97717 1 0.996406 1 1 1 1 1 1 1 1 0.955186 0.958616 1 1 1 0.994091 0.932018 0.995363 0.926325 0.985557 0.953794 1 1 1 1 1 1 1 1 1 1 1 1 1 1 0.812087 0.120432 0.0913105 0.219919 0.433018 0.50305 0.979945 1 1 1 1 1 1
1 1 1 1 1 1 0.92837 0.905495 1 1 1 1 1 1 1 1 1 1 1 1 1 1 1 1 1 1 0.975533 1 1 0.99628 1 1 1 0.949185 1 0.958342 0.985695 0.968318 0.972433 0.929531 1 1 1 0.978668 0.962977 0.969576 0.994386 1 0.975006 0.928166 0.987919 1 1 0.994081 1 1 1 1 1 1 0.988391 0.997191 1 1 0.978873 1 0.970742 0.973087 1 0.993067 1 0.979747 1 1 1 1 1 1 1 1 1 1 1 1 1 1 1 1 1 0.246865 0.320881 0.386156 0.475504 0.635413 1 1 1 1 1 1
1 1 1 1 1 1 0.970491 0.873184 1 1 1 1 1 1 1 1 1 1 1 1 1 1 1 1 1 1 1 1 1 1 1 1 1 0.883469 1 0.959255 0.984908 1 0.954903 1 1 0.976326 1 0.968094 0.985862 1 1 0.972858 1 1 1 1 0.990868 1 1 1 1 1 1 0.979054 1 0.931499 1 1 1 1 0.986094 0.973564 0.993575 0.981327 0.99162 1 1 1 1 1 1 1 1 1 1 1 1 1 1 1 1 1 1 0.926449 0.322463 0.264045 0.495487 0.788004 0.933708 1 1 1 1 1
1 1 1 1 1 1 0.974947 0.893769 0.834721 0.824113 1 1 1 1 1 1 1 1 1 1 1 1 1 1 1 1 1 1 0.9645 1 1 1 0.990007 0.955938 1 1 0.95398 0.976081 0.92641 0.935447 0.959335 1 1 0.92942 0.985714 1 1 1 0.963282 1 1 1 1 1 1 1 1 1 1 1 1 0.980018 1 1 1 1 0.959078 1 1 0.969592 0.979496 1 0.981954 1 1 1 1 1 1 1 1 1 1 1 1 1 0.966351 0.879947 0.950566 0.905408 0.715349 0.28417 0.643752 0.74006 1 1 1 1 1 1
1 1 1 1 1 0.976923 1 1 0.762649 0.728561 0.830436 0.98951 1 1 0.999154 1 1 1 1 1 1 1 1 1 1 1 1 1 1 1 1 1 0.994701 0.98694 0.907424 1 1 0.995902 1 1 0.926892 1 0.980598 0.922212 0.972055 1 1 0.99417 1 1 1 1 1 0.99686 1 0.950695 1 1 1 1 1 1 1 0.983495 1 1 1 1 1 0.992986 0.995725 0.995035 1 0.975651 1 1 1 1 1 1 1 1 1 0.896002 0.855057 0.803575 0.539638 0.362538 0.301467 0.337559 0.168954 0.476831 0.709488 0.918221 0.938801 1 1 1 1 1
1 1 1 1 1 0.943404 1 0.969366 0.90698 0.803531 0.733958 0.836878 0.880521 0.923806 0.977724 0.959403 0.994302 1 1 1 1 1 1 1 1 1 1 1 0.974825 1 0.954493 1 0.933383 0.95979 1 1 1 1 1 0.946068 0.903494 0.975621 0.939036 0.903243 0.927213 1 0.99433 0.971736 0.945488 0.989573 0.971703 0.998573 1 1 1 1 1 0.991284 1 1 1 1 0.95546 1 1 1 1 1 1 1 1 1 1 0.974928 0.971171 1 1 1 1 1 1 1 0.771603 0.628865 0.486467 0.503705 0.18452 0.133834 0.115475 0.0660564 0.225502 0.359469 0.448295 0.642609 0.779212 1 1 1 1 1
1 1 1 1 1 1 1 0.808488 1 0.850644 0.912384 0.731833 0.913792 0.980024 0.981086 0.944701 0.980519 0.957548 1 1 1 1 1 0.999738 1 1 1 0.984351 0.986145 0.98754 0.971321 0.981664 0.9895 0.911174 1 1 1 0.980658 1 0.924582 0.954069 0.947544 0.982721 0.927356 0.985391 1 1 1 1 1 1 0.967263 1 1 1 0.985089 0.973668 1 0.982205 0.968214 0.974032 1 1 1 1 1 1 1 1 1 1 1 0.957187 0.988913 0.9859 1 1 1 1 1 1 1 0.768019 0.562475 0.281427 0.118901 0.139354 0.122069 0.0650834 0.0702947 0.114834 0.192525 0.322239 0.248187 0.151037 1 1 1 1 1
1 1 1 1 1 0.46699 0.967721 0.963076 1 1 0.981545 1 0.946463 1 0.854576 0.925172 0.946237 1 1 1 1 1 1 1 1 1 0.94517 1 0.957658 1 1 0.959603 0.905366 0.875982 1 1 0.98147 1 0.984569 1 0.880534 0.935457 0.944335 0.941752 0.91794 1 1 1 0.981529 1 0.981085 0.996799 1 1 1 1 1 1 1 0.954289 0.940506 1 1 1 1 1 1 1 1 1 1 1 1 1 0.963463 1 1 1 1 1 1 0.943178 0.75285 0.315848 0.209223 0.143106 0.127072 0.0689706 0.0442451 0.0500371 0.0642202 0.0549206 0.0708722 0.137085 0.0425119 1 1 1 1 1
1 1 1 1 1 1 0.806564 0.907382 1 1 1 1 1 1 0.737598 0.950048 0.926837 1 1 1 1 1 1 0.942343 0.932654 0.960993 0.966241 0.951876 0.985372 1 0.965259 0.914378 0.889487 0.96582 1 1 0.993475 0.952303 0.966513 1 0.94174 0.93935 0.955302 0.924894 0.991348 1 1 1 1 1 1 0.985087 1 1 1 1 0.999713 1 0.991784 1 1 0.956794 0.975775 1 1 1 1 1 1 1 1 1 1 1 1 0.992195 1 1 1 1 1 1 0.73108 0.422017 0.429576 0.141759 0.138662 0.0980881 0.0639378 0.0675873 0.100705 0.08867 0.0979578 0.138123 1 1 1 1 1 1
1 1 1 1 1 1 0.891228 0.868059 1 1 1 1 1 1 0.975941 0.942409 0.961182 1 1 1 1 1 0.998393 0.949162 0.978968 0.94048 0.995777 0.903695 0.965218 0.90424 1 1 0.989944 1 1 1 1 0.887565 0.959158 0.953601 0.940118 0.963631 0.992576 0.9996 0.970689 0.952546 1 1 0.997032 1 0.980144 1 1 1 1 1 1 0.949674 0.968565 0.991526 0.975844 0.998856 0.978214 1 1 1 1 1 1 1 1 0.994445 0.983257 1 1 1 0.959547 1 1 1 1 1 0.86915 0.906586 0.605367 0.245521 0.10038 0.0582111 0.0694331 0.0861026 0.0978727 0.149954 0.180142 0.247037 1 1 1 1 1 1
1 1 1 1 1 1 0.988556 0.951494 1 1 1 1 1 0.964817 1 1 0.992156 1 1 0.971437 0.977069 0.987648 0.968944 0.870957 0.974951 0.959523 0.985259 0.96507 1 0.898907 0.869294 0.934652 0.978571 0.972852 0.996742 0.996652 1 0.966729 0.9356 0.972096 1 0.886853 1 0.95669 0.931021 1 1 0.980054 1 1 0.960495 1 1 1 1 1 1 1 0.944997 1 0.968931 0.949658 0.96034 1 1 1 1 0.992022 1 1 1 1 1 1 1 1 1 0.991093 1 1 1 1 0.816702 0.526847 0.634847 0.19443 0.0926343 0.0761355 0.0367777 0.0624157 0.0903348 0.127031 0.197325 0.170349 1 1 1 1 1 1
1 1 1 1 1 1 1 0.945321 1 1 0.969066 1 1 0.869046 0.983267 0.986804 0.967892 0.887563 1 0.941179 0.991686 1 0.958166 0.980663 1 0.898412 0.940328 0.98292 0.90306 0.944537 0.988602 0.921448 0.955334 0.866569 0.977317 0.93353 0.980674 0.982719 0.963772 0.904374 0.935847 0.940966 0.994775 0.949252 0.994307 1 0.966903 1 1 1 1 1 0.995548 1 1 0.998751 1 0.996821 1 0.977083 0.998499 1 1 0.995861 1 1 1 1 1 0.977662 1 1 1 1 0.999291 0.997791 0.976697 1 1 1 1 0.979388 0.694968 0.0653185 0.35038 0.743151 0.0901103 0.0747309 0.0287751 0.0563491 0.0939566 0.169665 0.18776 1 1 1 1 1 1 1
1 1 1 1 1 1 1 0.91667 1 0.993423 1 0.934897 0.884754 0.955765 0.795331 0.798621 0.695893 0.703342 0.670554 0.777919 0.926389 0.942948 0.900195 0.91155 0.939876 0.917814 0.912382 0.891048 0.933907 0.978838 0.892154 0.94749 0.983607 0.901985 0.940319 0.901564 0.933093 0.926117 0.935574 0.917997 0.950438 0.959057 0.935497 0.970299 0.990922 0.981375 1 1 1 1 1 1 1 1 1 1 1 1 0.979496 1 1 0.947792 1 1 1 1 1 1 1 1 1 0.989759 0.973525 1 0.971468 1 1 1 1 1 0.969908 0.756708 0.339396 0.0800482 0.538243 0.6095 0.0716944 0.0225195 0.0171629 0.0597233 0.232389 0.299693 0.236618 1 1 1 1 1 1 1
1 1 1 1 1 1 1 1 0.867459 1 0.826117 0.814973 0.920391 0.791203 0.793391 0.687422 0.51808 0.325509 0.329388 0.574535 0.777399 0.93281 0.932364 0.929368 0.972937 0.89887 0.869007 0.968117 0.884252 0.940416 0.848765 0.8908 0.966673 0.869071 0.958614 0.992312 0.953588 0.955314 0.897778 0.889457 0.98688 0.952653 0.999673 1 1 1 1 1 1 1 1 1 1 1 1 1 1 1 0.957742 0.94039 0.96039 0.990238 0.974377 1 1 1 1 0.974491 1 1 1 1 1 1 1 1 0.977527 1 1 1 0.721429 0.188457 0.0912327 0.156912 0.225855 0.519317 0.17021 0.01433 0.0552253 0.301398 0.706562 0.730184 0.928866 1 1 1 1 1 1 1
1 1 1 1 1 1 1 1 1 0.860292 0.725593 0.845293 0.848366 0.824964 0.731907 0.479667 0.359393 0.300845 0.284157 0.533917 0.794048 0.962407 0.960862 0.977548 1 0.839004 0.937472 0.917795 0.867577 0.938232 0.862138 0.927485 0.853453 0.928432 0.918023 0.948593 0.935751 0.892824 0.913812 0.919367 0.996956 0.957185 1 1 1 1 1 1 1 1 1 1 1 1 1 1 0.98352 1 0.961373 0.959003 0.975767 0.988656 1 1 1 1 1 1 1 1 1 1 1 0.993099 1 1 0.990933 1 1 0.882477 0.272274 0.157162 0.0978664 0.0510754 0.0508484 0.0981919 0.0313415 0.0179539 0.0728424 0.224161 0.401421 0.71333 0.863964 1 1 1 1 1 1 1
1 1 1 1 1 1 1 1 0.834443 0.989408 0.730516 0.894399 0.924037 0.559926 0.375043 0.139807 0.18034 0.277131 0.443685 0.74736 0.988787 0.921484 0.989725 0.928129 0.950072 0.947838 0.913438 0.898557 0.85363 0.911699 0.927523 0.928319 0.914452 0.910228 0.958546 0.845046 0.849825 0.88824 0.900696 0.898959 0.972988 0.919434 1 1 1 1 1 1 1 1 1 1 1 1 1 1 0.996373 1 0.99987 1 1 1 0.984138 1 1 1 1 1 1 1 1 0.969614 0.989214 1 1 0.985298 1 1 1 0.688255 0.362515 0.120258 0.0359534 0.0384142 0.0373894 0.0302436 0.0230185 0.0163495 0.213446 0.0608372 0.171106 0.395532 1 1 1 1 1 1 1 1
1 1 1 1 1 1 1 1 0.880015 1 0.859859 0.955655 0.711703 0.40335 0.210795 0.140879 0.069015 0.188101 0.60491 0.941046 0.982336 1 0.986305 0.9979 0.961511 0.871215 0.88471 0.875574 0.906103 0.914837 0.893918 0.88538 0.948302 0.822254 0.887365 0.960715 0.863151 0.867261 0.840447 0.924178 1 1 1 0.98314 0.950112 1 1 1 1 1 1 1 1 1 1 1 1 1 1 1 1 0.988479 1 0.915352 1 1 0.961447 1 1 1 1 0.974003 0.910101 1 1 1 1 1 1 0.817356 0.502352 0.106086 0.0467681 0.0438469 0.0323216 0.0295286 0.0242173 0.0178305 0.0191427 0.0176372 0.0899147 0.213816 1 1 1 1 1 1 1 1
1 1 1 1 1 1 1 1 0.521431 1 0.78879 0.977502 0.433235 0.291544 0.104634 0.151628 0.207406 0.298856 0.705113 1 0.972574 0.978485 0.939381 0.9255 0.945909 0.946794 0.944499 0.885619 0.896156 0.936397 0.904934 0.898101 0.897912 0.946615 0.912153 0.888463 0.888757 0.865097 0.958682 0.899412 0.968364 0.961647 1 1 1 1 1 1 1 1 1 1 1 1 1 1 1 1 1 1 0.992362 0.968057 0.937899 1 1 1 1 1 1 1 1 1 1 1 1 1 1 1 1 1 0.797738 0.0780349 0.0797712 0.0794879 0.0506168 0.0238901 0.0344997 0.0471097 0.0400259 0.0302754 0.0976044 0.00538817 1 1 1 1 1 1 1 1
1 1 1 1 1 1 1 1 1 1 0.894034 0.866611 0.368092 0.279584 0.227315 0.245725 0.226641 0.336546 0.991788 0.963426 1 0.969485 0.856999 0.899693 0.937205 0.977564 0.934591 0.803441 0.85491 0.920148 0.905032 0.92235 0.925158 0.955981 0.934307 0.872586 0.963357 1 0.872458 0.933721 0.9758 1 0.960884 0.993585 1 1 1 1 1 1 1 1 1 1 1 1 1 0.988964 1 1 0.954782 1 0.970103 1 1 1 0.99189 1 0.972116 1 1 1 0.97002 0.993221 1 1 1 1 0.798299 1 1 0.553735 0.116605 0.0899223 0.0824763 0.059804 0.0943397 0.124404 0.138247 0.0920143 0.160206 1 1 1 1 1 1 1 1 1
1 1 1 1 1 1 1 1 1 1 0.760104 0.773594 0.359091 0.336146 0.322237 0.435958 0.838499 0.826 0.63824 0.947966 0.844375 0.832067 0.914855 0.944377 0.909689 0.935978 0.881829 0.895199 0.902185 0.911489 0.907271 0.944815 1 0.854362 0.936063 0.939315 0.968068 0.933696 0.993879 0.970018 0.947164 0.961323 1 1 1 1 1 1 1 1 1 0.997498 1 1 1 1 1 1 1 1 1 1 1 1 1 1 1 1 0.998996 0.991099 1 0.990898 1 1 1 1 1 0.839746 0.425751 0.236832 0.908958 1 0.334025 0.265957 0.150364 0.158948 0.249648 0.363336 0.307043 0.248593 0.234782 1 1 1 1 1 1 1 1 1
1 1 1 1 1 1 1 1 1 1 0.607447 0.476013 0.377433 0.340023 0.281989 0.649084 0.886706 0.735137 0.240986 0.368122 0.79807 0.987165 0.895756 0.962066 0.940087 0.939817 0.959551 0.88075 0.948383 0.891715 0.9693 0.979522 0.924554 0.962339 0.927583 1 1 1 1 1 0.979551 1 0.999274 0.981392 1 1 1 1 1 1 1 1 1 1 1 1 0.992143 1 1 1 1 1 1 1 1 1 1 1 1 1 1 1 1 1 1 1 1 1 0.621586 0.381642 0.581481 1 0.670902 0.5875 0.382061 0.510803 0.56816 0.552815 0.327827 0.566728 1 1 1 1 1 1 1 1 1 1
1 1 1 1 1 1 1 1 1 1 0.609545 0.324454 0.274393 0.381275 0.320956 0.767482 0.985393 0.532187 0.476076 0.91644 0.935919 0.867768 0.836736 0.982626 0.925117 0.880969 0.842865 0.828387 0.882916 0.942892 0.887516 0.879801 0.909032 0.973488 0.960185 0.986262 0.97141 1 1 1 1 0.976233 1 1 0.977299 1 1 0.975646 1 0.989459 0.940703 1 1 1 1 1 1 1 1 1 1 1 1 1 1 1 1 0.973658 1 1 1 1 1 1 1 1 1 1 1 1 0.379517 0.583917 0.802107 0.152406 0.270919 0.647495 0.662149 0.464633 0.399634 0.480911 1 1 1 1 1 1 1 1 1 1
1 1 1 1 1 1 1 1 1 1 1 0.720966 0.476936 0.681669 0.683961 0.861356 0.933897 0.944249 0.935136 0.992372 0.807768 0.642499 0.740021 0.832297 0.850505 0.776453 0.876656 0.868206 0.852933 0.935243 0.832521 0.903011 0.901321 0.924733 0.939719 0.966685 1 1 1 0.987598 1 1 0.988817 0.976154 0.993099 1 1 1 1 0.984231 1 0.987351 1 1 1 1 0.979893 1 1 1 1 1 1 1 1 1 1 1 1 1 1 1 1 1 1 1 1 0.986198 1 1 1 1 0.877768 0.310086 0.564981 0.780988 0.66384 0.491694 0.395665 1 1 1 1 1 1 1 1 1 1 1
1 1 1 1 1 1 1 1 1 1 1 1 0.920965 0.851989 1 0.999166 1 0.952282 1 0.851493 0.64994 0.551829 0.59013 0.729388 0.789071 0.784754 0.860157 0.836052 0.874429 0.795546 0.957475 0.911393 0.808131 0.907661 0.992209 0.974003 0.963968 0.964315 0.904005 1 1 0.907562 0.916457 0.985265 0.927564 1 0.94108 1 0.976193 0.954271 1 1 1 1 1 1 1 1 1 1 1 1 1 1 1 1 1 1 1 0.991652 1 0.938981 0.999196 1 1 1 1 1 0.947071 1 1 0.991893 1 0.724466 0.710093 0.868121 0.730611 0.705024 1 1 1 1 1 1 1 1 1 1 1 1
1 1 1 1 1 1 1 1 1 1 1 1 0.914372 1 0.942837 1 1 1 0.866841 0.637576 0.549441 0.587269 0.440131 0.726879 0.780379 0.689239 0.671338 0.699604 0.677301 0.77288 0.738243 0.790043 0.754149 0.871463 0.936637 1 1 1 1 0.943894 0.96966 0.952922 0.821007 0.932106 0.928906 0.985661 1 1 1 0.951696 1 1 1 1 1 1 1 1 1 1 1 1 1 0.980982 1 1 1 1 1 1 1 0.945609 0.907446 0.947623 1 0.967864 1 0.993652 0.971933 1 1 1 1 0.76645 0.78734 0.851223 0.729075 0.893838 1 1 1 1 1 1 1 1 1 1 1 1
1 1 1 1 1 1 1 1 1 1 1 1 1 0.702636 0.577859 0.676478 0.866925 0.748681 0.704838 0.5847 0.526186 0.462315 0.486964 0.69243 0.609665 0.592278 0.642049 0.520311 0.452667 0.527309 0.582914 0.750458 0.78137 0.89318 0.935796 0.976182 0.96203 1 0.989695 0.977974 0.972748 0.885699 0.74914 0.808222 0.908025 0.778917 0.889694 0.80492 0.889517 0.937078 1 0.960565 0.933533 1 0.988251 0.957125 1 0.999976 1 1 0.972166 1 1 1 1 1 1 1 1 1 1 0.856196 0.933779 0.855386 0.978699 0.979588 0.997044 0.99353 0.975612 0.944038 0.970683 0.886095 1 0.795708 0.695703 0.592137 0.919525 1 1 1 1 1 1 1 1 1 1 1 1 1
1 1 1 1 1 1 1 1 1 1 1 1 1 0.346273 0.572422 0.705637 0.777734 0.704161 0.697766 0.739637 0.559318 0.490136 0.550302 0.587325 0.544025 0.566701 0.503775 0.468224 0.285344 0.295457 0.400831 0.558048 0.646315 0.297049 0.333134 0.898865 0.875744 0.888963 0.941967 0.997392 0.828689 0.733262 0.789062 0.777021 0.819879 0.807694 0.679083 0.712969 0.77509 0.8714 0.923438 0.965215 0.94332 0.96349 0.981757 0.931241 1 1 0.935668 1 0.979706 1 1 1 1 1 1 1 1 0.960848 0.809982 0.709897 0.693773 0.723537 0.884691 0.881889 0.943409 0.868726 0.906728 0.80769 0.653053 0.671434 0.878973 0.800926 0.628452 0.71347 1 1 1 1 1 1 1 1 1 1 1 1 1 1
1 1 1 1 1 1 1 1 1 1 1 1 1 1 0.602945 0.773994 0.559238 0.526788 0.587417 0.515233 0.546111 0.551378 0.576817 0.613753 0.578326 0.581942 0.426914 0.376758 0.299889 0.5488 0.834793 0.929476 0.850188 0.684013 0.371494 0.490176 0.773067 0.792657 0.96119 0.847749 0.681511 0.622139 0.749005 0.854834 0.692277 0.648549 0.666477 0.692421 0.688048 0.832527 0.872673 0.908311 0.933331 0.971164 0.990463 0.954159 1 0.98411 1 0.875352 0.958443 0.987372 1 1 0.948572 1 1 1 1 0.974992 0.88726 0.789439 0.657964 0.741185 0.801369 0.928073 0.788402 0.757247 0.789792 0.736869 0.588859 0.661322 0.561911 0.818072 1 1 1 1 1 1 1 1 1 1 1 1 1 1 1 1
1 1 1 1 1 1 1 1 1 1 1 1 1 1 1 0.528387 0.345888 0.357274 0.31138 0.378721 0.519949 0.57203 0.579186 0.619886 0.619016 0.534763 0.449835 0.331546 0.240348 0.617083 0.966214 0.875443 1 1 1 0.572864 0.448743 0.769659 0.899347 0.733356 0.747434 0.547568 0.697036 0.838529 0.658925 0.489349 0.449226 0.579633 0.670825 0.714566 0.826524 0.814537 0.885262 0.796279 0.900168 0.914609 0.886021 0.964143 0.924179 0.864967 0.890028 0.998762 1 1 1 1 1 1 1 1 0.959448 0.785749 0.543806 0.571186 0.615437 0.753299 0.619536 0.609006 0.517019 0.581408 0.451049 0.539758 0.602886 0.409016 0.99569 1 1 1 1 1 1 1 1 1 1 1 1 1 1 1
1 1 1 1 1 1 1 1 1 1 1 1 1 1 1 0.354248 0.433826 0.507715 0.419131 0.414943 0.599836 0.622741 0.609258 0.710525 0.637298 0.549823 0.466495 0.287509 0.530152 0.561442 0.649351 0.967885 1 1 0.698484 0.252032 0.250148 0.439194 0.945514 0.635951 0.503922 0.628209 0.820673 0.85604 0.555955 0.350593 0.368245 0.383974 0.461603 0.677322 0.755712 0.784164 0.843506 0.768625 0.727299 0.765044 0.942257 0.921521 0.843295 0.776682 0.79113 0.969047 1 1 1 1 1 1 1 1 1 0.861324 0.554167 0.443436 0.461702 0.614814 0.676642 0.346235 0.384775 0.477994 0.537739 0.544056 0.421605 0.413523 0.345909 1 1 1 1 1 1 1 1 1 1 1 1 1 1 1
1 1 1 1 1 1 1 1 1 1 1 1 1 1 1 1 1 0.608237 0.521536 0.536736 0.559819 0.676029 0.647935 0.61541 0.490756 0.520351 0.398557 0.247342 0.305357 0.543864 0.359942 0.30229 0.521191 1 0.744977 0.446912 0.257475 0.257546 0.63601 0.624771 0.542994 0.625335 0.821343 0.772025 0.383428 0.223384 0.210919 0.245669 0.351367 0.514543 0.679254 0.673104 0.558015 0.47533 0.599631 0.567197 0.735706 0.74437 0.656924 0.742346 0.626947 0.765262 0.973798 1 1 1 1 1 1 1 0.985126 0.953937 0.57445 0.464867 0.464135 0.633895 0.581686 0.419324 0.388867 0.522427 0.579315 0.57302 0.437791 1 1 1 1 1 1 1 1 1 1 1 1 1 1 1 1 1
1 1 1 1 1 1 1 1 1 1 1 1 1 1 1 1 1 1 0.604549 0.444241 0.472372 0.564229 0.626446 0.503091 0.440191 0.593882 0.292499 0.164394 0.334301 0.282942 0.229082 0.154864 0.185925 0.671767 0.859048 0.987671 0.849579 0.249125 0.336658 0.445841 0.50369 0.739073 0.814016 0.688452 0.247912 0.180593 0.153394 0.214138 0.25336 0.548608 0.672442 0.633003 0.540373 0.394438 0.547477 0.46939 0.597053 0.453726 0.338045 0.231787 0.327405 0.55849 0.745473 0.925895 1 1 1 1 1 1 1 0.895154 0.458362 0.432083 0.531279 0.606081 0.512806 0.485643 0.55575 0.621326 0.611275 0.744807 1 1 1 1 1 1 1 1 1 1 1 1 1 1 1 1 1 1
1 1 1 1 1 1 1 1 1 1 1 1 1 1 1 1 1 1 0.153527 0.518382 0.430229 0.525861 0.647798 0.50443 0.666472 0.591945 0.349656 0.188921 0.241097 0.211466 0.174451 0.149038 0.176641 0.137733 0.889693 0.947798 0.854791 0.217843 0.441789 0.419109 0.749842 0.76423 0.872089 0.644205 0.279912 0.169168 0.15626 0.178323 0.25442 0.472058 0.649103 0.596824 0.441392 0.502435 0.438917 0.467885 0.53502 0.428984 0.332235 0.277215 0.254258 0.414336 0.520925 0.771595 1 1 1 1 1 1 1 0.910261 0.432282 0.538408 0.658625 0.624304 0.556211 0.588994 0.666806 0.685269 0.767581 0.211058 1 1 1 1 1 1 1 1 1 1 1 1 1 1 1 1 1 1
1 1 1 1 1 1 1 1 1 1 1 1 1 1 1 1 1 1 1 1 0.478498 0.661594 0.618866 0.928023 1 0.524091 0.318807 0.285039 0.275115 0.199939 0.16963 0.149096 0.156046 0.627132 0.820265 0.741138 0.675917 0.559235 0.356601 0.510094 0.851307 0.78213 0.796823 0.630756 0.268373 0.226402 0.201005 0.18546 0.218009 0.448403 0.614288 0.514274 0.444105 0.536598 0.472123 0.428856 0.476619 0.458839 0.360392 0.20287 0.243142 0.326283 0.533237 0.631118 0.926211 1 1 1 1 1 1 0.808642 0.509187 0.624961 0.722136 0.704379 0.607763 0.565117 0.581495 0.79945 1 1 1 1 1 1 1 1 1 1 1 1 1 1 1 1 1 1 1 1
1 1 1 1 1 1 1 1 1 1 1 1 1 1 1 1 1 1 1 1 1 0.910295 0.728165 0.9834 1 0.824311 0.503919 0.429527 0.353657 0.235198 0.24788 0.174175 0.155163 0.545151 0.703514 0.629619 0.537376 0.566511 0.451389 0.732722 0.786479 0.850029 0.740958 0.388363 0.184883 0.157268 0.172683 0.172557 0.255055 0.396614 0.575972 0.534144 0.518033 0.533201 0.449653 0.455642 0.430168 0.335874 0.124774 0.18482 0.259298 0.421826 0.512118 0.604316 0.73526 0.998736 1 1 1 1 1 0.849396 0.506506 0.603457 0.703267 0.513486 0.525465 0.466134 0.915577 1 1 1 1 1 1 1 1 1 1 1 1 1 1 1 1 1 1 1 1 1
1 1 1 1 1 1 1 1 1 1 1 1 1 1 1 1 1 1 1 1 1 1 1 1 1 1 0.899023 0.94416 0.732563 0.525942 0.301326 0.240915 0.365616 0.757675 0.509242 0.424855 0.387612 0.392045 0.549696 0.783977 0.831902 0.80913 0.563803 0.111982 0.0973641 0.0529339 0.0541638 0.0202162 0.0138095 0.245471 0.558326 0.0175163 0.00675925 0.00849952 0.286618 0.292408 0.278873 0.211595 0.215512 0.360753 0.423344 0.507058 0.509229 0.551404 0.691896 0.833191 1 1 1 1 1 0.824284 0.625205 0.674746 0.579027 0.328482 0.292373 1 1 1 1 1 1 1 1 1 1 1 1 1 1 1 1 1 1 1 1 1 1 1
1 1 1 1 1 1 1 1 1 1 1 1 1 1 1 1 1 1 1 1 1 1 1 1 1 1 1 1 1 1 0.788427 0.749931 0.455829 0.418162 0.295727 0.178415 0.151467 0.324503 0.73446 0.736097 0.796786 0.77884 0.397213 0.220876 0.0564508 0.102573 0.0413386 0.00969294 0.133232 0.337851 0.33096 0.0457632 0.00346017 0.00621783 0.226678 0.289632 0.10547 0.138813 0.32964 0.394628 0.369854 0.253956 0.252018 0.25567 0.377164 0.488611 0.625379 0.770413 0.971369 0.966198 0.777548 0.679433 0.690174 0.715758 0.585955 0.45951 1 1 1 1 1 1 1 1 1 1 1 1 1 1 1 1 1 1 1 1 1 1 1 1
1 1 1 1 1 1 1 1 1 1 1 1 1 1 1 1 1 1 1 1 1 1 1 1 1 1 1 1 1 1 1 1 0.917883 0.684755 0.271518 0.204426 0.225136 0.700882 0.84351 0.893247 0.76575 0.573654 0.369386 0.0721747 0.0562967 0.290609 0.0632779 0.0126873 0.131204 0.59176 0.872519 0.698559 0.112627 0.0416375 0.121501 0.306611 0.10002 0.232056 0.33906 0.406883 0.336963 0.286144 0.149628 0.143797 0.160605 0.134873 0.183129 0.45386 0.480991 0.553178 0.56864 0.767759 0.861868 0.732371 1 1 1 1 1 1 1 1 1 1 1 1 1 1 1 1 1 1 1 1 1 1 1 1 1 1
1 1 1 1 1 1 1 1 1 1 1 1 1 1 1 1 1 1 1 1 1 1 1 1 1 1 1 1 1 1 1 1 0.933961 0.751074 0.544719 0.357809 0.471779 0.713147 0.869505 0.877761 0.778415 0.372227 0.165336 0.000585234 0.0962154 0.373811 0.0642013 0.151744 0.366596 0.936821 0.873361 0.738271 0.758818 0.566541 0.455648 0.249456 0.136466 0.237953 0.269862 0.276039 0.213781 0.278195 0.190857 0.122378 0.0969949 0.121895 0.124875 0.125005 0.232013 0.433987 0.627176 0.864544 0.975038 1 1 1 1 1 1 1 1 1 1 1 1 1 1 1 1 1 1 1 1 1 1 1 1 1 1 1
1 1 1 1 1 1 1 1 1 1 1 1 1 1 1 1 1 1 1 1 1 1 1 1 1 1 1 1 1 1 1 1 0.874292 0.809367 0.610213 0.392098 0.447008 0.628242 0.765359 0.814369 0.529055 0.245604 0.0281754 0.0105199 0.0951038 0.422501 0.0351202 0.245851 0.67525 0.861178 0.553804 0.57061 0.866932 0.769933 0.344878 0.384009 0.179 0.177533 0.179707 0.200838 0.231633 0.229389 0.358778 0.191636 0.122951 0.144426 0.164542 0.189446 0.257192 0.356771 0.39688 1 1 1 1 1 1 1 1 1 1 1 1 1 1 1 1 1 1 1 1 1 1 1 1 1 1 1 1 1
1 1 1 1 1 1 1 1 1 1 1 1 1 1 1 1 1 1 1 1 1 1 1 1 1 1 1 1 1 1 1 1 1 1 0.852546 0.543162 0.545461 0.586045 0.663276 0.531387 0.360554 0.131533 0.0697794 0.0565815 0.184988 0.293314 0.180953 0.533524 0.628312 0.154299 0.0563759 0.0946338 0.53328 0.923435 0.373824 0.221604 0.218395 0.235807 0.325159 0.415279 0.501522 1 1 0.35315 0.241584 0.292282 0.223343 0.247559 0.364031 1 1 1 1 1 1 1 1 1 1 1 1 1 1 1 1 1 1 1 1 1 1 1 1 1 1 1 1 1 1 1
1 1 1 1 1 1 1 1 1 1 1 1 1 1 1 1 1 1 1 1 1 1 1 1 1 1 1 1 1 1 1 1 1 1 0.690327 0.494683 0.366858 0.418514 0.393224 0.444105 0.397759 0.367269 0.245755 0.241297 0.134425 0.332425 0.52378 0.534424 0.269402 0.115001 0.0470081 0.0927625 0.418317 1 0.760425 0.271077 0.296967 0.433451 0.477045 0.72526 1 1 1 0.544798 0.38403 0.291854 0.280222 1 1 1 1 1 1 1 1 1 1 1 1 1 1 1 1 1 1 1 1 1 1 1 1 1 1 1 1 1 1 1 1 1
1 1 1 1 1 1 1 1 1 1 1 1 1 1 1 1 1 1 1 1 1 1 1 1 1 1 1 1 1 1 1 1 1 1 1 1 1 0.457749 0.510429 0.645432 0.593763 0.645853 0.466103 0.419677 0.34862 0.249363 0.322154 0.292439 0.274616 0.124333 0.0571614 0.102951 0.109634 0.857693 0.291777 0.306417 0.351069 0.395354 0.550239 0.816958 1 1 0.928379 1 1 1 1 1 1 1 1 1 1 1 1 1 1 1 1 1 1 1 1 1 1 1 1 1 1 1 1 1 1 1 1 1 1 1 1 1
1 1 1 1 1 1 1 1 1 1 1 1 1 1 1 1 1 1 1 1 1 1 1 1 1 1 1 1 1 1 1 1 1 1 1 1 1 1 1 0.861135 0.888135 0.917016 0.570103 0.38121 0.348996 0.250562 0.163099 0.269199 0.222639 0.163845 0.0921967 0.161906 0.154924 0.266571 0.352859 0.333295 0.362707 0.426786 0.596728 0.806757 1 1 1 1 1 1 1 1 1 1 1 1 1 1 1 1 1 1 1 1 1 1 1 1 1 1 1 1 1 1 1 1 1 1 1 1 1 1 1 1
1 1 1 1 1 1 1 1 1 1 1 1 1 1 1 1 1 1 1 1 1 1 1 1 1 1 1 1 1 1 1 1 1 1 1 1 1 1 1 1 1 1 0.526956 0.765763 0.460009 0.3392 0.314988 0.266901 0.249973 0.181518 0.135604 0.190643 0.162749 0.293096 0.469475 0.449929 0.523149 0.469393 1 1 1 1 1 1 1 1 1 1 1 1 1 1 1 1 1 1 1 1 1 1 1 1 1 1 1 1 1 1 1 1 1 1 1 1 1 1 1 1 1 1
1 1 1 1 1 1 1 1 1 1 1 1 1 1 1 1 1 1 1 1 1 1 1 1 1 1 1 1 1 1 1 1 1 1 1 1 1 1 1 1 1 1 1 1 1 1 1 1 1 1 1 1 1 1 1 1 1 1 1 1 1 1 1 1 1 1 1 1 1 1 1 1 1 1 1 1 1 1 1 1 1 1 1 1 1 1 1 1 1 1 1 1 1 1 1 1 1 1 1 1
1 1 1 1 1 1 1 1 1 1 1 1 1 1 1 1 1 1 1 1 1 1 1 1 1 1 1 1 1 1 1 1 1 1 1 1 1 1 1 1 1 1 1 1 1 1 1 1 1 1 1 1 1 1 1 1 1 1 1 1 1 1 1 1 1 1 1 1 1 1 1 1 1 1 1 1 1 1 1 1 1 1 1 1 1 1 1 1 1 1 1 1 1 1 1 1 1 1 1 1
1 1 1 1 1 1 1 1 1 1 1 1 1 1 1 1 1 1 1 1 1 1 1 1 1 1 1 1 1 1 1 1 1 1 1 1 1 1 1 1 1 1 1 1 1 1 1 1 1 1 1 1 1 1 1 1 1 1 1 1 1 1 1 1 1 1 1 1 1 1 1 1 1 1 1 1 1 1 1 1 1 1 1 1 1 1 1 1 1 1 1 1 1 1 1 1 1 1 1 1
1 1 1 1 1 1 1 1 1 1 1 1 1 1 1 1 1 1 1 1 1 1 1 1 1 1 1 1 1 1 1 1 1 1 1 1 1 1 1 1 1 1 1 1 1 1 1 1 1 1 1 1 1 1 1 1 1 1 1 1 1 1 1 1 1 1 1 1 1 1 1 1 1 1 1 1 1 1 1 1 1 1 1 1 1 1 1 1 1 1 1 1 1 1 1 1 1 1 1 1
1 1 1 1 1 1 1 1 1 1 1 1 1 1 1 1 1 1 1 1 1 1 1 1 1 1 1 1 1 1 1 1 1 1 1 1 1 1 1 1 1 1 1 1 1 1 1 1 1 1 1 1 1 1 1 1 1 1 1 1 1 1 1 1 1 1 1 1 1 1 1 1 1 1 1 1 1 1 1 1 1 1 1 1 1 1 1 1 1 1 1 1 1 1 1 1 1 1 1 1