-145.517 -630.936 -310.150
157.207 630.936 310.150
75.681 126.187 103.383
4 10 6
10 1000
0 -107.676500 -567.842400 -258.458333
1 -31.995500 -567.842400 -258.458333
2 43.685500 -567.842400 -258.458333
3 119.366500 -567.842400 -258.458333
4 -107.676500 -441.655200 -258.458333
5 -31.995500 -441.655200 -258.458333
6 43.685500 -441.655200 -258.458333
7 119.366500 -441.655200 -258.458333
8 -107.676500 -315.468000 -258.458333
9 -31.995500 -315.468000 -258.458333
10 43.685500 -315.468000 -258.458333
11 119.366500 -315.468000 -258.458333
12 -107.676500 -189.280800 -258.458333
13 -31.995500 -189.280800 -258.458333
14 43.685500 -189.280800 -258.458333
15 119.366500 -189.280800 -258.458333
16 -107.676500 -63.093600 -258.458333
17 -31.995500 -63.093600 -258.458333
18 43.685500 -63.093600 -258.458333
19 119.366500 -63.093600 -258.458333
20 -107.676500 63.093600 -258.458333
21 -31.995500 63.093600 -258.458333
22 43.685500 63.093600 -258.458333
23 119.366500 63.093600 -258.458333
24 -107.676500 189.280800 -258.458333
25 -31.995500 189.280800 -258.458333
26 43.685500 189.280800 -258.458333
27 119.366500 189.280800 -258.458333
28 -107.676500 315.468000 -258.458333
29 -31.995500 315.468000 -258.458333
30 43.685500 315.468000 -258.458333
31 119.366500 315.468000 -258.458333
32 -107.676500 441.655200 -258.458333
33 -31.995500 441.655200 -258.458333
34 43.685500 441.655200 -258.458333
35 119.366500 441.655200 -258.458333
36 -107.676500 567.842400 -258.458333
37 -31.995500 567.842400 -258.458333
38 43.685500 567.842400 -258.458333
39 119.366500 567.842400 -258.458333
40 -107.676500 -567.842400 -155.075000
41 -31.995500 -567.842400 -155.075000
42 43.685500 -567.842400 -155.075000
43 119.366500 -567.842400 -155.075000
44 -107.676500 -441.655200 -155.075000
45 -31.995500 -441.655200 -155.075000
46 43.685500 -441.655200 -155.075000
47 119.366500 -441.655200 -155.075000
48 -107.676500 -315.468000 -155.075000
49 -31.995500 -315.468000 -155.075000
50 43.685500 -315.468000 -155.075000
51 119.366500 -315.468000 -155.075000
52 -107.676500 -189.280800 -155.075000
53 -31.995500 -189.280800 -155.075000
54 43.685500 -189.280800 -155.075000
55 119.366500 -189.280800 -155.075000
56 -107.676500 -63.093600 -155.075000
57 -31.995500 -63.093600 -155.075000
58 43.685500 -63.093600 -155.075000
59 119.366500 -63.093600 -155.075000
60 -107.676500 63.093600 -155.075000
61 -31.995500 63.093600 -155.075000
62 43.685500 63.093600 -155.075000
63 119.366500 63.093600 -155.075000
64 -107.676500 189.280800 -155.075000
65 -31.995500 189.280800 -155.075000
66 43.685500 189.280800 -155.075000
67 119.366500 189.280800 -155.075000
68 -107.676500 315.468000 -155.075000
69 -31.995500 315.468000 -155.075000
70 43.685500 315.468000 -155.075000
71 119.366500 315.468000 -155.075000
72 -107.676500 441.655200 -155.075000
73 -31.995500 441.655200 -155.075000
74 43.685500 441.655200 -155.075000
75 119.366500 441.655200 -155.075000
76 -107.676500 567.842400 -155.075000
77 -31.995500 567.842400 -155.075000
78 43.685500 567.842400 -155.075000
79 119.366500 567.842400 -155.075000
80 -107.676500 -567.842400 -51.691667
81 -31.995500 -567.842400 -51.691667
82 43.685500 -567.842400 -51.691667
83 119.366500 -567.842400 -51.691667
84 -107.676500 -441.655200 -51.691667
85 -31.995500 -441.655200 -51.691667
86 43.685500 -441.655200 -51.691667
87 119.366500 -441.655200 -51.691667
88 -107.676500 -315.468000 -51.691667
89 -31.995500 -315.468000 -51.691667
90 43.685500 -315.468000 -51.691667
91 119.366500 -315.468000 -51.691667
92 -107.676500 -189.280800 -51.691667
93 -31.995500 -189.280800 -51.691667
94 43.685500 -189.280800 -51.691667
95 119.366500 -189.280800 -51.691667
96 -107.676500 -63.093600 -51.691667
97 -31.995500 -63.093600 -51.691667
98 43.685500 -63.093600 -51.691667
99 119.366500 -63.093600 -51.691667
100 -107.676500 63.093600 -51.691667
101 -31.995500 63.093600 -51.691667
102 43.685500 63.093600 -51.691667
103 119.366500 63.093600 -51.691667
104 -107.676500 189.280800 -51.691667
105 -31.995500 189.280800 -51.691667
106 43.685500 189.280800 -51.691667
107 119.366500 189.280800 -51.691667
108 -107.676500 315.468000 -51.691667
109 -31.995500 315.468000 -51.691667
110 43.685500 315.468000 -51.691667
111 119.366500 315.468000 -51.691667
112 -107.676500 441.655200 -51.691667
113 -31.995500 441.655200 -51.691667
114 43.685500 441.655200 -51.691667
115 119.366500 441.655200 -51.691667
116 -107.676500 567.842400 -51.691667
117 -31.995500 567.842400 -51.691667
118 43.685500 567.842400 -51.691667
119 119.366500 567.842400 -51.691667
120 -107.676500 -567.842400 51.691667
121 -31.995500 -567.842400 51.691667
122 43.685500 -567.842400 51.691667
123 119.366500 -567.842400 51.691667
124 -107.676500 -441.655200 51.691667
125 -31.995500 -441.655200 51.691667
126 43.685500 -441.655200 51.691667
127 119.366500 -441.655200 51.691667
128 -107.676500 -315.468000 51.691667
129 -31.995500 -315.468000 51.691667
130 43.685500 -315.468000 51.691667
131 119.366500 -315.468000 51.691667
132 -107.676500 -189.280800 51.691667
133 -31.995500 -189.280800 51.691667
134 43.685500 -189.280800 51.691667
135 119.366500 -189.280800 51.691667
136 -107.676500 -63.093600 51.691667
137 -31.995500 -63.093600 51.691667
138 43.685500 -63.093600 51.691667
139 119.366500 -63.093600 51.691667
140 -107.676500 63.093600 51.691667
141 -31.995500 63.093600 51.691667
142 43.685500 63.093600 51.691667
143 119.366500 63.093600 51.691667
144 -107.676500 189.280800 51.691667
145 -31.995500 189.280800 51.691667
146 43.685500 189.280800 51.691667
147 119.366500 189.280800 51.691667
148 -107.676500 315.468000 51.691667
149 -31.995500 315.468000 51.691667
150 43.685500 315.468000 51.691667
151 119.366500 315.468000 51.691667
152 -107.676500 441.655200 51.691667
153 -31.995500 441.655200 51.691667
154 43.685500 441.655200 51.691667
155 119.366500 441.655200 51.691667
156 -107.676500 567.842400 51.691667
157 -31.995500 567.842400 51.691667
158 43.685500 567.842400 51.691667
159 119.366500 567.842400 51.691667
160 -107.676500 -567.842400 155.075000
161 -31.995500 -567.842400 155.075000
162 43.685500 -567.842400 155.075000
163 119.366500 -567.842400 155.075000
164 -107.676500 -441.655200 155.075000
165 -31.995500 -441.655200 155.075000
166 43.685500 -441.655200 155.075000
167 119.366500 -441.655200 155.075000
168 -107.676500 -315.468000 155.075000
169 -31.995500 -315.468000 155.075000
170 43.685500 -315.468000 155.075000
171 119.366500 -315.468000 155.075000
172 -107.676500 -189.280800 155.075000
173 -31.995500 -189.280800 155.075000
174 43.685500 -189.280800 155.075000
175 119.366500 -189.280800 155.075000
176 -107.676500 -63.093600 155.075000
177 -31.995500 -63.093600 155.075000
178 43.685500 -63.093600 155.075000
179 119.366500 -63.093600 155.075000
180 -107.676500 63.093600 155.075000
181 -31.995500 63.093600 155.075000
182 43.685500 63.093600 155.075000
183 119.366500 63.093600 155.075000
184 -107.676500 189.280800 155.075000
185 -31.995500 189.280800 155.075000
186 43.685500 189.280800 155.075000
187 119.366500 189.280800 155.075000
188 -107.676500 315.468000 155.075000
189 -31.995500 315.468000 155.075000
190 43.685500 315.468000 155.075000
191 119.366500 315.468000 155.075000
192 -107.676500 441.655200 155.075000
193 -31.995500 441.655200 155.075000
194 43.685500 441.655200 155.075000
195 119.366500 441.655200 155.075000
196 -107.676500 567.842400 155.075000
197 -31.995500 567.842400 155.075000
198 43.685500 567.842400 155.075000
199 119.366500 567.842400 155.075000
200 -107.676500 -567.842400 258.458333
201 -31.995500 -567.842400 258.458333
202 43.685500 -567.842400 258.458333
203 119.366500 -567.842400 258.458333
204 -107.676500 -441.655200 258.458333
205 -31.995500 -441.655200 258.458333
206 43.685500 -441.655200 258.458333
207 119.366500 -441.655200 258.458333
208 -107.676500 -315.468000 258.458333
209 -31.995500 -315.468000 258.458333
210 43.685500 -315.468000 258.458333
211 119.366500 -315.468000 258.458333
212 -107.676500 -189.280800 258.458333
213 -31.995500 -189.280800 258.458333
214 43.685500 -189.280800 258.458333
215 119.366500 -189.280800 258.458333
216 -107.676500 -63.093600 258.458333
217 -31.995500 -63.093600 258.458333
218 43.685500 -63.093600 258.458333
219 119.366500 -63.093600 258.458333
220 -107.676500 63.093600 258.458333
221 -31.995500 63.093600 258.458333
222 43.685500 63.093600 258.458333
223 119.366500 63.093600 258.458333
224 -107.676500 189.280800 258.458333
225 -31.995500 189.280800 258.458333
226 43.685500 189.280800 258.458333
227 119.366500 189.280800 258.458333
228 -107.676500 315.468000 258.458333
229 -31.995500 315.468000 258.458333
230 43.685500 315.468000 258.458333
231 119.366500 315.468000 258.458333
232 -107.676500 441.655200 258.458333
233 -31.995500 441.655200 258.458333
234 43.685500 441.655200 258.458333
235 119.366500 441.655200 258.458333
236 -107.676500 567.842400 258.458333
237 -31.995500 567.842400 258.458333
238 43.685500 567.842400 258.458333
239 119.366500 567.842400 258.458333
